                     0                     0                     0
              0.131017                     0                     0
              0.262033                     0                     0
               0.39305                     0                     0
              0.524066                     0                     0
              0.655083                     0                     0
              0.786099                     0                     0
              0.917116                     0                     0
               1.04813                     0                     0
               1.17915                     0                     0
               1.31017                     0                     0
               1.44118                     0                     0
                1.5722                     0                     0
               1.70322                     0                     0
               1.83423                     0                     0
               1.96525                     0                     0
               2.09626                     0                     0
               2.22728                     0                     0
                2.3583                     0                     0
               2.48931                     0                     0
               2.62033                     0                     0
               2.75135                     0                     0
               2.88236                     0                     0
               3.01338                     0                     0
                3.1444                     0                     0
               3.27541                     0                     0
               3.40643                     0                     0
               3.53745                     0                     0
               3.66846                     0                     0
               3.79948                     0                     0
                3.9305                     0                     0
               4.06151                     0                     0
               4.19253                     0                     0
               4.32355                     0                     0
               4.45456                     0                     0
               4.58558                     0                     0
                4.7166                     0                     0
               4.84761                     0                     0
               4.97863                     0                     0
               5.10965                     0                     0
               5.24066                     0                     0
               5.37168                     0                     0
               5.50269                     0                     0
               5.63371                     0                     0
               5.76473                     0                     0
               5.89574                     0                     0
               6.02676                     0                     0
               6.15778                     0                     0
               6.28879                     0                     0
               6.41981                     0                     0
               6.55083                     0                     0
               6.68184                     0                     0
               6.81286                     0                     0
               6.94388                     0                     0
               7.07489                     0                     0
               7.20591                     0                     0
               7.33693                     0                     0
               7.46794                     0                     0
               7.59896                     0                     0
               7.72998                     0                     0
               7.86099                     0                     0
               7.99201                     0                     0
               8.12303                     0                     0
               8.25404                     0                     0
               8.38506                     0                     0
               8.51608                     0                     0
               8.64709                     0                     0
               8.77811                     0                     0
               8.90913                     0                     0
               9.04014                     0                     0
               9.17116                     0                     0
               9.30217                     0                     0
               9.43319                     0                     0
               9.56421                     0                     0
               9.69522                     0                     0
               9.82624                     0                     0
               9.95726                     0                     0
               10.0883                     0                     0
               10.2193                     0                     0
               10.3503                     0                     0
               10.4813                     0                     0
               10.6123                     0                     0
               10.7434                     0                     0
               10.8744                     0                     0
               11.0054                     0                     0
               11.1364                     0                     0
               11.2674                     0                     0
               11.3984                     0                     0
               11.5295                     0                     0
               11.6605                     0                     0
               11.7915                     0                     0
               11.9225                     0                     0
               12.0535                     0                     0
               12.1845                     0                     0
               12.3156                     0                     0
               12.4466                     0                     0
               12.5776                     0                     0
               12.7086                     0                     0
               12.8396                     0                     0
               12.9706                     0                     0
               13.1017                     0                     0
               13.2327                     0                     0
               13.3637                     0                     0
               13.4947                     0                     0
               13.6257                     0                     0
               13.7567                     0                     0
               13.8878                     0                     0
               14.0188                     0                     0
               14.1498                     0                     0
               14.2808                     0                     0
               14.4118                     0                     0
               14.5428                     0                     0
               14.6739                     0                     0
               14.8049                     0                     0
               14.9359                     0                     0
               15.0669                     0                     0
               15.1979                     0                     0
               15.3289                     0                     0
                 15.46                     0                     0
                15.591                     0                     0
                15.722                     0                     0
                15.853                     0                     0
                15.984                     0                     0
                16.115                     0                     0
               16.2461                     0                     0
               16.3771                     0                     0
               16.5081                     0                     0
               16.6391                     0                     0
               16.7701                     0                     0
               16.9011                     0                     0
               17.0322                     0                     0
               17.1632                     0                     0
               17.2942                     0                     0
               17.4252                     0                     0
               17.5562                     0                     0
               17.6872                     0                     0
               17.8183                     0                     0
               17.9493                     0                     0
               18.0803                     0                     0
               18.2113                     0                     0
               18.3423                     0                     0
               18.4733                     0                     0
               18.6043                     0                     0
               18.7354                     0                     0
               18.8664                     0                     0
               18.9974                     0                     0
               19.1284                     0                     0
               19.2594                     0                     0
               19.3904                     0                     0
               19.5215                     0                     0
               19.6525                     0                     0
               19.7835                     0                     0
               19.9145                     0                     0
               20.0455                     0                     0
               20.1765                     0                     0
               20.3076                     0                     0
               20.4386                     0                     0
               20.5696                     0                     0
               20.7006                     0                     0
               20.8316                     0                     0
               20.9626                     0                     0
               21.0937                     0                     0
               21.2247                     0                     0
               21.3557                     0                     0
               21.4867                     0                     0
               21.6177                     0                     0
               21.7487                     0                     0
               21.8798                     0                     0
               22.0108                     0                     0
               22.1418                     0                     0
               22.2728                     0                     0
               22.4038                     0                     0
               22.5348                     0                     0
               22.6659                     0                     0
               22.7969                     0                     0
               22.9279                     0                     0
               23.0589                     0                     0
               23.1899                     0                     0
               23.3209                     0                     0
                23.452                     0                     0
                23.583                     0                     0
                23.714                     0                     0
                23.845                     0                     0
                23.976                     0                     0
                24.107                     0                     0
               24.2381                     0                     0
               24.3691                     0                     0
               24.5001                     0                     0
               24.6311                     0                     0
               24.7621                     0                     0
               24.8931                     0                     0
               25.0242                     0                     0
               25.1552                     0                     0
               25.2862                     0                     0
               25.4172                     0                     0
               25.5482                     0                     0
               25.6792                     0                     0
               25.8103                     0                     0
               25.9413                     0                     0
               26.0723                     0                     0
               26.2033                     0                     0
               26.3343                     0                     0
               26.4653                     0                     0
               26.5964                     0                     0
               26.7274                     0                     0
               26.8584                     0                     0
               26.9894                     0                     0
               27.1204                     0                     0
               27.2514                     0                     0
               27.3825                     0                     0
               27.5135                     0                     0
               27.6445                     0                     0
               27.7755                     0                     0
               27.9065                     0                     0
               28.0375                     0                     0
               28.1686                     0                     0
               28.2996                     0                     0
               28.4306                     0                     0
               28.5616                     0                     0
               28.6926                     0                     0
               28.8236                     0                     0
               28.9547                     0                     0
               29.0857                     0                     0
               29.2167                     0                     0
               29.3477                     0                     0
               29.4787                     0                     0
               29.6097                     0                     0
               29.7408                     0                     0
               29.8718                     0                     0
               30.0028                     0                     0
               30.1338                     0                     0
               30.2648                     0                     0
               30.3958                     0                     0
               30.5269                     0                     0
               30.6579                     0                     0
               30.7889                     0                     0
               30.9199                     0                     0
               31.0509                     0                     0
               31.1819                     0                     0
                31.313                     0                     0
                31.444                     0                     0
                31.575                     0                     0
                31.706                     0                     0
                31.837                     0                     0
                31.968                     0                     0
               32.0991                     0                     0
               32.2301                     0                     0
               32.3611                     0                     0
               32.4921                     0                     0
               32.6231                     0                     0
               32.7541                     0                     0
               32.8852                     0                     0
               33.0162                     0                     0
               33.1472                     0                     0
               33.2782                     0                     0
               33.4092                     0                     0
               33.5402                     0                     0
               33.6713                     0                     0
               33.8023                     0                     0
               33.9333                     0                     0
               34.0643                     0                     0
               34.1953                     0                     0
               34.3263                     0                     0
               34.4574                     0                     0
               34.5884                     0                     0
               34.7194                     0                     0
               34.8504                     0                     0
               34.9814                     0                     0
               35.1124                     0                     0
               35.2435                     0                     0
               35.3745                     0                     0
               35.5055                     0                     0
               35.6365                     0                     0
               35.7675                     0                     0
               35.8985                     0                     0
               36.0295                     0                     0
               36.1606                     0                     0
               36.2916                     0                     0
               36.4226                     0                     0
               36.5536                     0                     0
               36.6846                     0                     0
               36.8156                     0                     0
               36.9467                     0                     0
               37.0777                     0                     0
               37.2087                     0                     0
               37.3397                     0                     0
               37.4707                     0                     0
               37.6017                     0                     0
               37.7328                     0                     0
               37.8638                     0                     0
               37.9948                     0                     0
               38.1258                     0                     0
               38.2568                     0                     0
               38.3878                     0                     0
               38.5189                     0                     0
               38.6499                     0                     0
               38.7809                     0                     0
               38.9119                     0                     0
               39.0429                     0                     0
               39.1739                     0                     0
                39.305                     0                     0
                39.436                     0                     0
                39.567                     0                     0
                39.698                     0                     0
                39.829                     0                     0
                 39.96                     0                     0
               40.0911                     0                     0
               40.2221                     0                     0
               40.3531                     0                     0
               40.4841                     0                     0
               40.6151                     0                     0
               40.7461                     0                     0
               40.8772                     0                     0
               41.0082                     0                     0
               41.1392                     0                     0
               41.2702                     0                     0
               41.4012                     0                     0
               41.5322                     0                     0
               41.6633                     0                     0
               41.7943                     0                     0
               41.9253                     0                     0
               42.0563                     0                     0
               42.1873                     0                     0
               42.3183                     0                     0
               42.4494                     0                     0
               42.5804                     0                     0
               42.7114                     0                     0
               42.8424                     0                     0
               42.9734                     0                     0
               43.1044                     0                     0
               43.2355                     0                     0
               43.3665                     0                     0
               43.4975                     0                     0
               43.6285                     0                     0
               43.7595                     0                     0
               43.8905                     0                     0
               44.0216                     0                     0
               44.1526                     0                     0
               44.2836                     0                     0
               44.4146                     0                     0
               44.5456                     0                     0
               44.6766                     0                     0
               44.8077                     0                     0
               44.9387                     0                     0
               45.0697                     0                     0
               45.2007                     0                     0
               45.3317                     0                     0
               45.4627                     0                     0
               45.5938                     0                     0
               45.7248                     0                     0
               45.8558                     0                     0
               45.9868                     0                     0
               46.1178                     0                     0
               46.2488                     0                     0
               46.3799                     0                     0
               46.5109                     0                     0
               46.6419                     0                     0
               46.7729                     0                     0
               46.9039                     0                     0
               47.0349                     0                     0
                47.166                     0                     0
                47.297                     0                     0
                47.428                     0                     0
                47.559                     0                     0
                 47.69                     0                     0
                47.821                     0                     0
               47.9521                     0                     0
               48.0831                     0                     0
               48.2141                     0                     0
               48.3451                     0                     0
               48.4761                     0                     0
               48.6071                     0                     0
               48.7382                     0                     0
               48.8692                     0                     0
               49.0002                     0                     0
               49.1312                     0                     0
               49.2622                     0                     0
               49.3932                     0                     0
               49.5243                     0                     0
               49.6553                     0                     0
               49.7863                     0                     0
               49.9173                     0                     0
               50.0483                     0                     0
               50.1793                     0                     0
               50.3104                     0                     0
               50.4414                     0                     0
               50.5724                     0                     0
               50.7034                     0                     0
               50.8344                     0                     0
               50.9654                     0                     0
               51.0965                     0                     0
               51.2275                     0                     0
               51.3585                     0                     0
               51.4895                     0                     0
               51.6205                     0                     0
               51.7515                     0                     0
               51.8826                     0                     0
               52.0136                     0                     0
               52.1446                     0                     0
               52.2756                     0                     0
               52.4066                     0                     0
               52.5376                     0                     0
               52.6687                     0                     0
               52.7997                     0                     0
               52.9307                     0                     0
               53.0617                     0                     0
               53.1927                     0                     0
               53.3237                     0                     0
               53.4548                     0                     0
               53.5858                     0                     0
               53.7168                     0                     0
               53.8478                     0                     0
               53.9788                     0                     0
               54.1098                     0                     0
               54.2408                     0                     0
               54.3719                     0                     0
               54.5029                     0                     0
               54.6339                     0                     0
               54.7649                     0                     0
               54.8959                     0                     0
               55.0269                     0                     0
                55.158                     0                     0
                55.289                     0                     0
                 55.42                     0                     0
                55.551                     0                     0
                55.682                     0                     0
                55.813                     0                     0
               55.9441                     0                     0
               56.0751                     0                     0
               56.2061                     0                     0
               56.3371                     0                     0
               56.4681                     0                     0
               56.5991                     0                     0
               56.7302                     0                     0
               56.8612                     0                     0
               56.9922                     0                     0
               57.1232                     0                     0
               57.2542                     0                     0
               57.3852                     0                     0
               57.5163                     0                     0
               57.6473                     0                     0
               57.7783                     0                     0
               57.9093                     0                     0
               58.0403                     0                     0
               58.1713                     0                     0
               58.3024                     0                     0
               58.4334                     0                     0
               58.5644                     0                     0
               58.6954                     0                     0
               58.8264                     0                     0
               58.9574                     0                     0
               59.0885                     0                     0
               59.2195                     0                     0
               59.3505                     0                     0
               59.4815                     0                     0
               59.6125                     0                     0
               59.7435                     0                     0
               59.8746                     0                     0
               60.0056                     0                     0
               60.1366                     0                     0
               60.2676                     0                     0
               60.3986                     0                     0
               60.5296                     0                     0
               60.6607                     0                     0
               60.7917                     0                     0
               60.9227                     0                     0
               61.0537                     0                     0
               61.1847                     0                     0
               61.3157                     0                     0
               61.4468                     0                     0
               61.5778                     0                     0
               61.7088                     0                     0
               61.8398                     0                     0
               61.9708                     0                     0
               62.1018                     0                     0
               62.2329                     0                     0
               62.3639                     0                     0
               62.4949                     0                     0
               62.6259                     0                     0
               62.7569                     0                     0
               62.8879                     0                     0
                63.019                     0                     0
                 63.15                     0                     0
                63.281                     0                     0
                63.412                     0                     0
                63.543                     0                     0
                63.674                     0                     0
               63.8051                     0                     0
               63.9361                     0                     0
               64.0671                     0                     0
               64.1981                     0                     0
               64.3291                     0                     0
               64.4601                     0                     0
               64.5912                     0                     0
               64.7222                     0                     0
               64.8532                     0                     0
               64.9842                     0                     0
               65.1152                     0                     0
               65.2462                     0                     0
               65.3773                     0                     0
               65.5083                     0                     0
               65.6393                     0                     0
               65.7703                     0                     0
               65.9013                     0                     0
               66.0323                     0                     0
               66.1634                     0                     0
               66.2944                     0                     0
               66.4254                     0                     0
               66.5564                     0                     0
               66.6874                     0                     0
               66.8184                     0                     0
               66.9495                     0                     0
               67.0805                     0                     0
               67.2115                     0                     0
               67.3425                     0                     0
               67.4735                     0                     0
               67.6045                     0                     0
               67.7356                     0                     0
               67.8666                     0                     0
               67.9976                     0                     0
               68.1286                     0                     0
               68.2596                     0                     0
               68.3906                     0                     0
               68.5217                     0                     0
               68.6527                     0                     0
               68.7837                     0                     0
               68.9147                     0                     0
               69.0457                     0                     0
               69.1767                     0                     0
               69.3078                     0                     0
               69.4388                     0                     0
               69.5698                     0                     0
               69.7008                     0                     0
               69.8318                     0                     0
               69.9628                     0                     0
               70.0939                     0                     0
               70.2249                     0                     0
               70.3559                     0                     0
               70.4869                     0                     0
               70.6179                     0                     0
               70.7489                     0                     0
                 70.88                     0                     0
                71.011                     0                     0
                71.142                     0                     0
                71.273                     0                     0
                71.404                     0                     0
                71.535                     0                     0
                71.666                     0                     0
               71.7971                     0                     0
               71.9281                     0                     0
               72.0591                     0                     0
               72.1901                     0                     0
               72.3211                     0                     0
               72.4521                     0                     0
               72.5832                     0                     0
               72.7142                     0                     0
               72.8452                     0                     0
               72.9762                     0                     0
               73.1072                     0                     0
               73.2382                     0                     0
               73.3693                     0                     0
               73.5003                     0                     0
               73.6313                     0                     0
               73.7623                     0                     0
               73.8933                     0                     0
               74.0243                     0                     0
               74.1554                     0                     0
               74.2864                     0                     0
               74.4174                     0                     0
               74.5484                     0                     0
               74.6794                     0                     0
               74.8104                     0                     0
               74.9415                     0                     0
               75.0725                     0                     0
               75.2035                     0                     0
               75.3345                     0                     0
               75.4655                     0                     0
               75.5965                     0                     0
               75.7276                     0                     0
               75.8586                     0                     0
               75.9896                     0                     0
               76.1206                     0                     0
               76.2516                     0                     0
               76.3826                     0                     0
               76.5137                     0                     0
               76.6447                     0                     0
               76.7757                     0                     0
               76.9067                     0                     0
               77.0377                     0                     0
               77.1687                     0                     0
               77.2998                     0                     0
               77.4308                     0                     0
               77.5618                     0                     0
               77.6928                     0                     0
               77.8238                     0                     0
               77.9548                     0                     0
               78.0859                     0                     0
               78.2169                     0                     0
               78.3479                     0                     0
               78.4789                     0                     0
               78.6099                     0                     0
               78.7409                     0                     0
                78.872                     0                     0
                79.003                     0                     0
                79.134                     0                     0
                79.265                     0                     0
                79.396                     0                     0
                79.527                     0                     0
               79.6581                     0                     0
               79.7891                     0                     0
               79.9201                     0                     0
               80.0511                     0                     0
               80.1821                     0                     0
               80.3131                     0                     0
               80.4442                     0                     0
               80.5752                     0                     0
               80.7062                     0                     0
               80.8372                     0                     0
               80.9682                     0                     0
               81.0992                     0                     0
               81.2303                     0                     0
               81.3613                     0                     0
               81.4923                     0                     0
               81.6233                     0                     0
               81.7543                     0                     0
               81.8853                     0                     0
               82.0164                     0                     0
               82.1474                     0                     0
               82.2784                     0                     0
               82.4094                     0                     0
               82.5404                     0                     0
               82.6714                     0                     0
               82.8025                     0                     0
               82.9335                     0                     0
               83.0645                     0                     0
               83.1955                     0                     0
               83.3265                     0                     0
               83.4575                     0                     0
               83.5886                     0                     0
               83.7196                     0                     0
               83.8506                     0                     0
               83.9816                     0                     0
               84.1126                     0                     0
               84.2436                     0                     0
               84.3747                     0                     0
               84.5057                     0                     0
               84.6367                     0                     0
               84.7677                     0                     0
               84.8987                     0                     0
               85.0297                     0                     0
               85.1608                     0                     0
               85.2918                     0                     0
               85.4228                     0                     0
               85.5538                     0                     0
               85.6848                     0                     0
               85.8158                     0                     0
               85.9469                     0                     0
               86.0779                     0                     0
               86.2089                     0                     0
               86.3399                     0                     0
               86.4709                     0                     0
               86.6019                     0                     0
                86.733                     0                     0
                86.864                     0                     0
                86.995                     0                     0
                87.126                     0                     0
                87.257                     0                     0
                87.388                     0                     0
               87.5191                     0                     0
               87.6501                     0                     0
               87.7811                     0                     0
               87.9121                     0                     0
               88.0431                     0                     0
               88.1741                     0                     0
               88.3052                     0                     0
               88.4362                     0                     0
               88.5672                     0                     0
               88.6982                     0                     0
               88.8292                     0                     0
               88.9602                     0                     0
               89.0913                     0                     0
               89.2223                     0                     0
               89.3533                     0                     0
               89.4843                     0                     0
               89.6153                     0                     0
               89.7463                     0                     0
               89.8773                     0                     0
               90.0084                     0                     0
               90.1394                     0                     0
               90.2704                     0                     0
               90.4014                     0                     0
               90.5324                     0                     0
               90.6634                     0                     0
               90.7945                     0                     0
               90.9255                     0                     0
               91.0565                     0                     0
               91.1875                     0                     0
               91.3185                     0                     0
               91.4495                     0                     0
               91.5806                     0                     0
               91.7116                     0                     0
               91.8426                     0                     0
               91.9736                     0                     0
               92.1046                     0                     0
               92.2356                     0                     0
               92.3667                     0                     0
               92.4977                     0                     0
               92.6287                     0                     0
               92.7597                     0                     0
               92.8907                     0                     0
               93.0217                     0                     0
               93.1528                     0                     0
               93.2838                     0                     0
               93.4148                     0                     0
               93.5458                     0                     0
               93.6768                     0                     0
               93.8078                     0                     0
               93.9389                     0                     0
               94.0699                     0                     0
               94.2009                     0                     0
               94.3319                     0                     0
               94.4629                     0                     0
               94.5939                     0                     0
                94.725                     0                     0
                94.856                     0                     0
                94.987                     0                     0
                95.118                     0                     0
                95.249                     0                     0
                 95.38                     0                     0
               95.5111                     0                     0
               95.6421                     0                     0
               95.7731                     0                     0
               95.9041                     0                     0
               96.0351                     0                     0
               96.1661                     0                     0
               96.2972                     0                     0
               96.4282                     0                     0
               96.5592                     0                     0
               96.6902                     0                     0
               96.8212                     0                     0
               96.9522                     0                     0
               97.0833                     0                     0
               97.2143                     0                     0
               97.3453                     0                     0
               97.4763                     0                     0
               97.6073                     0                     0
               97.7383                     0                     0
               97.8694                     0                     0
               98.0004                     0                     0
               98.1314                     0                     0
               98.2624                     0                     0
               98.3934                     0                     0
               98.5244                     0                     0
               98.6555                     0                     0
               98.7865                     0                     0
               98.9175                     0                     0
               99.0485                     0                     0
               99.1795                     0                     0
               99.3105                     0                     0
               99.4416                     0                     0
               99.5726                     0                     0
               99.7036                     0                     0
               99.8346                     0                     0
               99.9656                     0                     0
               100.097                     0                     0
               100.228                     0                     0
               100.359                     0                     0
                100.49                     0                     0
               100.621                     0                     0
               100.752                     0                     0
               100.883                     0                     0
               101.014                     0                     0
               101.145                     0                     0
               101.276                     0                     0
               101.407                     0                     0
               101.538                     0                     0
               101.669                     0                     0
                 101.8                     0                     0
               101.931                     0                     0
               102.062                     0                     0
               102.193                     0                     0
               102.324                     0                     0
               102.455                     0                     0
               102.586                     0                     0
               102.717                     0                     0
               102.848                     0                     0
               102.979                     0                     0
                103.11                     0                     0
               103.241                     0                     0
               103.372                     0                     0
               103.503                     0                     0
               103.634                     0                     0
               103.765                     0                     0
               103.896                     0                     0
               104.027                     0                     0
               104.158                     0                     0
               104.289                     0                     0
                104.42                     0                     0
               104.551                     0                     0
               104.682                     0                     0
               104.813                     0                     0
               104.944                     0                     0
               105.075                     0                     0
               105.206                     0                     0
               105.337                     0                     0
               105.468                     0                     0
               105.599                     0                     0
                105.73                     0                     0
               105.861                     0                     0
               105.992                     0                     0
               106.123                     0                     0
               106.254                     0                     0
               106.385                     0                     0
               106.516                     0                     0
               106.647                     0                     0
               106.778                     0                     0
                106.91                     0                     0
               107.041                     0                     0
               107.172                     0                     0
               107.303                     0                     0
               107.434                     0                     0
               107.565                     0                     0
               107.696                     0                     0
               107.827                     0                     0
               107.958                     0                     0
               108.089                     0                     0
                108.22                     0                     0
               108.351                     0                     0
               108.482                     0                     0
               108.613                     0                     0
               108.744                     0                     0
               108.875                     0                     0
               109.006                     0                     0
               109.137                     0                     0
               109.268                     0                     0
               109.399                     0                     0
                109.53                     0                     0
               109.661                     0                     0
               109.792                     0                     0
               109.923                     0                     0
               110.054                     0                     0
               110.185                     0                     0
               110.316                     0                     0
               110.447                     0                     0
               110.578                     0                     0
               110.709                     0                     0
                110.84                     0                     0
               110.971                     0                     0
               111.102                     0                     0
               111.233                     0                     0
               111.364                     0                     0
               111.495                     0                     0
               111.626                     0                     0
               111.757                     0                     0
               111.888                     0                     0
               112.019                     0                     0
                112.15                     0                     0
               112.281                     0                     0
               112.412                     0                     0
               112.543                     0                     0
               112.674                     0                     0
               112.805                     0                     0
               112.936                     0                     0
               113.067                     0                     0
               113.198                     0                     0
               113.329                     0                     0
                113.46                     0                     0
               113.591                     0                     0
               113.722                     0                     0
               113.853                     0                     0
               113.984                     0                     0
               114.115                     0                     0
               114.246                     0                     0
               114.377                     0                     0
               114.508                     0                     0
               114.639                     0                     0
                114.77                     0                     0
               114.902                     0                     0
               115.033                     0                     0
               115.164                     0                     0
               115.295                     0                     0
               115.426                     0                     0
               115.557                     0                     0
               115.688                     0                     0
               115.819                     0                     0
                115.95                     0                     0
               116.081                     0                     0
               116.212                     0                     0
               116.343                     0                     0
               116.474                     0                     0
               116.605                     0                     0
               116.736                     0                     0
               116.867                     0                     0
               116.998                     0                     0
               117.129                     0                     0
                117.26                     0                     0
               117.391                     0                     0
               117.522                     0                     0
               117.653                     0                     0
               117.784                     0                     0
               117.915                     0                     0
               118.046                     0                     0
               118.177                     0                     0
               118.308                     0                     0
               118.439                     0                     0
                118.57                     0                     0
               118.701                     0                     0
               118.832                     0                     0
               118.963                     0                     0
               119.094                     0                     0
               119.225                     0                     0
               119.356                     0                     0
               119.487                     0                     0
               119.618                     0                     0
               119.749                     0                     0
                119.88                     0                     0
               120.011                     0                     0
               120.142                     0                     0
               120.273                     0                     0
               120.404                     0                     0
               120.535                     0                     0
               120.666                     0                     0
               120.797                     0                     0
               120.928                     0                     0
               121.059                     0                     0
                121.19                     0                     0
               121.321                     0                     0
               121.452                     0                     0
               121.583                     0                     0
               121.714                     0                     0
               121.845                     0                     0
               121.976                     0                     0
               122.107                     0                     0
               122.238                     0                     0
               122.369                     0                     0
                 122.5                     0                     0
               122.631                     0                     0
               122.763                     0                     0
               122.894                     0                     0
               123.025                     0                     0
               123.156                     0                     0
               123.287                     0                     0
               123.418                     0                     0
               123.549                     0                     0
                123.68                     0                     0
               123.811                     0                     0
               123.942                     0                     0
               124.073                     0                     0
               124.204                     0                     0
               124.335                     0                     0
               124.466                     0                     0
               124.597                     0                     0
               124.728                     0                     0
               124.859                     0                     0
                124.99                     0                     0
               125.121                     0                     0
               125.252                     0                     0
               125.383                     0                     0
               125.514                     0                     0
               125.645                     0                     0
               125.776                     0                     0
               125.907                     0                     0
               126.038                     0                     0
               126.169                     0                     0
                 126.3                     0                     0
               126.431                     0                     0
               126.562                     0                     0
               126.693                     0                     0
               126.824                     0                     0
               126.955                     0                     0
               127.086                     0                     0
               127.217                     0                     0
               127.348                     0                     0
               127.479                     0                     0
                127.61                     0                     0
               127.741                     0                     0
               127.872                     0                     0
               128.003                     0                     0
               128.134                     0                     0
               128.265                     0                     0
               128.396                     0                     0
               128.527                     0                     0
               128.658                     0                     0
               128.789                     0                     0
                128.92                     0                     0
               129.051                     0                     0
               129.182                     0                     0
               129.313                     0                     0
               129.444                     0                     0
               129.575                     0                     0
               129.706                     0                     0
               129.837                     0                     0
               129.968                     0                     0
               130.099                     0                     0
                130.23                     0                     0
               130.361                     0                     0
               130.492                     0                     0
               130.623                     0                     0
               130.755                     0                     0
               130.886                     0                     0
