9.999218073143932628e+00 9.999722185464868573e+00 8.378650593838107952e+00 9.999623345252977913e+00
9.999335752319977288e+00 9.999646902638453128e+00 8.082528018232235212e+00 1.000008777009263561e+01
9.999675755381995046e+00 1.000007873421130000e+01 8.081383365106658445e+00 9.999123551797021392e+00
9.999991409342664284e+00 9.999461540689159378e+00 8.378248965931911485e+00 9.999735586789345376e+00
9.999441465868413204e+00 1.000022985245291096e+01 8.722229656711379064e+00 1.000012254022462344e+01
9.999775661197991994e+00 1.000023349714869880e+01 7.662905094224910840e+00 1.000030158481832920e+01
9.999738559089770717e+00 9.998938566205968215e+00 6.544412587282594451e+00 1.000015937221215978e+01
9.999038755384338728e+00 1.000030880280484347e+01 6.543914409201206261e+00 9.999982620846601833e+00
9.999223198920615729e+00 1.000027620447774446e+01 7.662924196847077596e+00 9.999693572916655171e+00
1.000030362684702645e+01 9.999713562106043341e+00 8.454108778050336781e+00 9.998963494183582768e+00
9.999692537254333047e+00 9.999987979052054499e+00 6.963221139780856106e+00 9.999892742024503178e+00
9.999716194044214745e+00 9.999202495946683200e+00 -2.144893753701465844e+00 9.999594975061471658e+00
9.999386962002043688e+00 9.999868300009442379e+00 -2.148900848310407952e+00 9.999443823695621347e+00
9.999530148248565453e+00 1.000032406855356371e+01 6.963292190384970937e+00 9.999814341902158787e+00
9.999123828588251328e+00 9.999535086526512018e+00 8.312369554130743410e+00 1.000027505500409042e+01
9.999553220779736407e+00 1.000015014531080659e+01 7.663153395249831412e+00 1.000018556469091990e+01
9.998863705723735507e+00 1.000025219673548094e+01 6.544723659239436664e+00 9.999124824939624290e+00
9.998986341619495732e+00 9.999362567006617297e+00 6.543946815499599445e+00 9.999665475058074904e+00
9.999531219122761883e+00 1.000023446127270788e+01 7.662816780510646630e+00 1.000026588669067173e+01
9.999739049771923405e+00 9.999169115224598059e+00 8.454768358610316170e+00 1.000036014496638970e+01
9.999546213212925139e+00 1.000001444026293562e+01 8.378792790414371083e+00 9.999169208625106720e+00
9.999738297904491091e+00 9.999856008916449213e+00 8.082246138722108952e+00 9.999690875494666287e+00
9.999759152923560990e+00 9.999936183662626377e+00 8.082462191734927970e+00 9.999028342521510737e+00
1.000023216098917267e+01 9.999556368024769881e+00 8.378803567085759241e+00 9.999465595833374465e+00
9.998970231604600301e+00 9.999869773278600604e+00 8.722198449394173991e+00 9.999707428070408355e+00
