9.998996176581067985e+00 7.662921358633652424e+00 9.999153625426664860e+00 9.999392170221550913e+00
1.000115122600623963e+01 6.544035071883019583e+00 1.000064761854277329e+01 9.999225093278825582e+00
9.999520346012609195e+00 6.545454177258155148e+00 1.000105890387846763e+01 9.999606126746508394e+00
1.000120949302880113e+01 7.663809450140553814e+00 1.000011433965438634e+01 9.999819366423214007e+00
9.999723481963362914e+00 8.455720613109841466e+00 1.000056345506296296e+01 1.000018771445984456e+01
9.999030015625443468e+00 6.962929242492656101e+00 1.000115299604403418e+01 1.000024141769099550e+01
9.999771029841733494e+00 -2.148667909008897148e+00 9.999525691556243601e+00 9.999527292433162629e+00
9.999330160059923145e+00 -2.144928841357529148e+00 9.999405584500902222e+00 9.999075821816575171e+00
9.999158550319361183e+00 6.963885564844456866e+00 9.999091771170727228e+00 1.000113407792553133e+01
9.999413722136047511e+00 8.313094236394563907e+00 9.999905886952346279e+00 9.999614863454661773e+00
9.999690824187975835e+00 7.662540749556255193e+00 9.999588742880929360e+00 9.999203725991980818e+00
1.000055382286246797e+01 6.544679872691222755e+00 9.999662509843215474e+00 1.000100463731964773e+01
9.999839124966927173e+00 6.544816712817308257e+00 1.000016191729942783e+01 9.999694430496305131e+00
1.000112142250488745e+01 7.664234437624565466e+00 1.000091219355806160e+01 1.000117923102380146e+01
9.998933250624984836e+00 8.454635405302919793e+00 1.000114058965866803e+01 9.999244600124177040e+00
9.999505506348974393e+00 8.379021640582429598e+00 1.000052826641290871e+01 9.999712607655398600e+00
9.999650322607879005e+00 8.083210806973202267e+00 9.999004918386559027e+00 1.000078164276290060e+01
9.999938620816079649e+00 8.082903323438612730e+00 1.000059217075750517e+01 9.999159749599785485e+00
1.000106020174931132e+01 8.379839267815071935e+00 9.999813181707972731e+00 9.999387049684283824e+00
9.999075595044057962e+00 8.722490266849286300e+00 1.000061031436560199e+01 1.000084626053686954e+01
9.999698044376497563e+00 8.797801008478923990e+00 9.999699946020040642e+00 1.000120301258652411e+01
9.999154138391942226e+00 8.684340128253024815e+00 1.000056559127975930e+01 9.999257193246140929e+00
9.999556550874041605e+00 8.685865283887393318e+00 9.999636747498849232e+00 1.000033617484565340e+01
1.000027905996719646e+01 8.797936203105065189e+00 9.999514331994962646e+00 9.999610941090052663e+00
1.000099435164665884e+01 8.960369983346778255e+00 9.999143627593026551e+00 9.999732547153183049e+00
